1.063935722204058365e+01 -2.196840665711471630e+01 1.762599054690163669e+01 -1.296970210211468810e+01 6.806573172038102193e+00 1.354396044213352246e+00 -2.098072805312630962e+00 2.155953189090038080e+00 -2.075550569873803930e+00 -2.271132550609832546e+00 7.960919254266929368e-01 2.209036565767117377e+00 -2.901277638177085158e-02 -6.693647828201108874e-02 -9.976891659569020465e-02 -1.353909925032355244e-01 6.614941899758585396e-03 7.484678821921281200e-02 -6.678071037128557874e-02 1.107976904519653583e-01 5.464134530671907464e-02 -1.933266423595296768e-01 1.397638749775998446e-01
-2.196840665711471630e+01 5.149569080946655220e+01 -4.683412714982605252e+01 3.675874867049595451e+01 -2.045633167458638724e+01 -8.887342163412736973e-01 4.355593682111273957e+00 -4.678440516999327947e+00 2.519307436013047408e+00 2.946220083180001836e+00 -1.221342237710714373e+00 -2.451242932997556245e+00 2.513525579499177320e-01 1.545707538195572328e-01 -1.901900362491875177e-02 3.327169077369991901e-01 1.215970979815554215e-01 -3.753966316504344647e-01 9.253499645220611414e-03 1.644656913981989987e-01 -4.866670343179578251e-01 4.248320616430826813e-01 -1.546008113225792180e-01
1.762599054690163669e+01 -4.683412714982605252e+01 9.714331696924111270e+01 -8.325715187978539689e+01 -3.223788337186827135e+01 4.149352934176040719e+01 9.207894699618226042e+00 -5.009080596056744383e+00 -5.616639912766617782e-01 -3.487817872406043573e+00 -1.186694727239693048e+00 7.561898797749248224e+00 -6.219117094282206049e-01 -3.355995807330502262e-02 1.260972951832455002e-01 -4.000065210735817001e-01 8.821282637029655149e-02 3.234849167937792203e-01 1.111257930787732384e-01 -4.166535426459012231e-02 -5.863584077289981517e-03 -4.791484274249737524e-02 4.384360102201145803e-02
-1.296970210211468810e+01 3.675874867049595451e+01 -8.325715187978539689e+01 8.415637833871539897e+01 2.750455812295972802e+00 -1.229481719507844062e+01 -2.808015568368584169e+01 1.551689268684674161e+01 7.791651178350116336e-01 2.962122047486025256e+00 1.305165802825858146e+00 -7.772694591923141161e+00 3.592612397454156836e-01 -3.900563449154852980e-01 3.153740958585601328e-01 4.918833123469730229e-01 -8.194180760218902626e-02 -4.686092285493109189e-01 2.492159643977825412e-01 -5.825438009152956731e-01 7.556048300057178757e-01 -4.174590060093141819e-01 -8.515296633867176779e-02
6.806573172038100417e+00 -2.045633167458638724e+01 -3.223788337186827846e+01 2.750455812295973690e+00 1.367294579692884611e+02 -1.110304807425130491e+02 3.726096888551445829e+01 -1.920052615768749149e+01 -1.882574851050813070e-01 -8.403432706231360738e-01 3.990435612676783705e+00 -3.776115718187382786e+00 4.412327121934521146e-01 4.198364854352774067e-01 -8.374181283545722998e-01 -3.079249700392510114e-01 -1.709509851310687945e-02 6.228288436542339657e-01 -4.402356896619603610e-01 1.450882121226999000e-01 -1.930632194316088679e-01 2.981963448586884557e-01 6.040530144411983965e-02
1.354396044213352468e+00 -8.887342163412742524e-01 4.149352934176040719e+01 -1.229481719507843884e+01 -1.110304807425130491e+02 1.514758510940918939e+02 -8.622778566442211456e+01 -3.384770948321354922e+01 6.257525025888459425e+01 -3.841210178769805861e+00 4.813148707501630597e+00 -1.108159583058189313e+01 -1.797065673702237465e+00 -2.791116282928730818e+00 2.141762177724269023e+00 6.525228530837330343e-01 -9.343550850055046819e-01 -3.066492230739616132e-02 5.011495218394763640e-01 -1.393843090519810979e-01 4.225510196615551717e-01 -4.632669627932111123e-01 -6.222818349290092782e-02
-2.098072805312631406e+00 4.355593682111271292e+00 9.207894699618227818e+00 -2.808015568368584525e+01 3.726096888551445829e+01 -8.622778566442211456e+01 1.019728608765104099e+02 -7.117614181315404132e+00 1.457525230390617033e+01 -1.712951344217366412e+01 1.623482012841775912e+01 -4.079108197695632754e+01 -4.931325075424187965e+00 6.102638036499488550e+00 -2.809363825581703722e+00 -2.667481174014964651e+00 2.557062919212496954e+00 -1.935747444018152130e-01 -6.223387403280730146e-01 8.807597148526388198e-01 -1.249979473071619829e+00 6.618252730752535173e-01 1.090477107488920655e-01
2.155953189090037636e+00 -4.678440516999326171e+00 -5.009080596056746160e+00 1.551689268684673806e+01 -1.920052615768748794e+01 -3.384770948321355633e+01 -7.117614181315404132e+00 1.471200241866261251e+02 -1.386822507560213182e+02 1.974162748065898043e+01 -1.378446423796840570e+01 3.408937586789028984e+01 4.254690362840504392e+00 6.520050683863396479e-01 -2.285726148145375891e+00 2.787905569155032293e+00 -1.603318754653573652e+00 -1.216712333268163831e-01 -1.079438440804762617e-01 -3.816112819915449261e-01 5.671669876963224555e-01 -4.729898083336923909e-02 -1.762545859753651342e-02
-2.075550569873803930e+00 2.519307436013047408e+00 -5.616639912766605569e-01 7.791651178350113005e-01 -1.882574851050780318e-01 6.257525025888459425e+01 1.457525230390617388e+01 -1.386822507560212898e+02 8.568088446062197363e+02 -4.954732590779378825e+02 4.468183869088069287e+02 -6.982292962590845491e+02 -6.714363072201872740e+01 2.696385437477315961e+01 -8.741878724687552449e+00 -5.870497022485497318e+00 6.653309089383469654e+00 2.216900728928196784e+00 -2.010561389389245779e+00 1.303074748098900504e-01 -1.057425582917351781e+00 1.992938186534723710e-01 -2.074382492874245754e-01
-2.271132550609832101e+00 2.946220083180001836e+00 -3.487817872406043573e+00 2.962122047486024812e+00 -8.403432706231362959e-01 -3.841210178769808969e+00 -1.712951344217366767e+01 1.974162748065899109e+01 -4.954732590779379393e+02 1.228431280622379063e+03 -9.934894162169597394e+02 2.068465025657378646e+02 6.593120913539245009e+01 -2.952320792219095225e+01 1.573198678692831720e+01 6.549919285011221781e+00 -3.952499238388815339e+00 -1.092239381092588335e+00 1.818388521303714755e+00 -4.570978602423511616e-01 8.155396646973873676e-01 -1.381045757280222164e+00 1.175555224766627882e+00
7.960919254266927148e-01 -1.221342237710714373e+00 -1.186694727239694158e+00 1.305165802825859700e+00 3.990435612676785482e+00 4.813148707501627044e+00 1.623482012841776267e+01 -1.378446423796841636e+01 4.468183869088069287e+02 -9.934894162169597394e+02 1.047660312511767415e+03 -4.612714276745737720e+02 -5.590499651633404454e+01 2.605220572185857009e+01 -2.158341893172711323e+01 -3.662940961218575264e+00 1.052575348943536504e+01 -4.621031200585036025e+00 -5.908786001304771052e-01 -5.314582812382869781e-01 -2.655947578170942958e-01 6.270318116832672706e-01 -7.191004120381147002e-01
2.209036565767116933e+00 -2.451242932997555357e+00 7.561898797749244672e+00 -7.772694591923141161e+00 -3.776115718187385450e+00 -1.108159583058188780e+01 -4.079108197695632754e+01 3.408937586789030405e+01 -6.982292962590844354e+02 2.068465025657378646e+02 -4.612714276745737720e+02 1.004065022784448843e+03 -2.613954765876342279e+01 -6.611761406835495336e+01 6.085884926790884464e+01 1.541491176505060068e+01 -2.190486497423442103e+01 7.456460435008398058e+00 2.152319200975851388e+00 -4.814742696123231802e+00 3.696743850888681848e+00 1.622457189498039409e-01 -1.646180036350896048e-01
-2.901277638177067117e-02 2.513525579499173435e-01 -6.219117094282219371e-01 3.592612397454159612e-01 4.412327121934543350e-01 -1.797065673702241018e+00 -4.931325075424187077e+00 4.254690362840500839e+00 -6.714363072201872740e+01 6.593120913539245009e+01 -5.590499651633404454e+01 -2.613954765876342279e+01 1.353025026970126987e+02 -2.528025401682337403e+01 -7.057543728298830032e+00 -2.944031280822984442e+01 1.329329112353878273e+01 -9.450492280279500223e-02 -2.365748340797682037e+00 6.553223316669051002e+00 -5.316249914445737801e+00 -7.377083737256892038e-01 4.740257799628025959e-01
-6.693647828201124139e-02 1.545707538195577047e-01 -3.355995807330456465e-02 -3.900563449154850759e-01 4.198364854352768516e-01 -2.791116282928730818e+00 6.102638036499489438e+00 6.520050683863389818e-01 2.696385437477315961e+01 -2.952320792219095225e+01 2.605220572185856298e+01 -6.611761406835495336e+01 -2.528025401682337403e+01 1.709353085520747015e+02 -1.281581542624874146e+02 3.921744627576243403e+01 -1.757268528927838958e+01 -4.629137715545853737e+00 3.937221743625536785e+00 -7.978662474474472466e-02 -4.809104158110130145e-01 1.787815950260216225e+00 -1.099732625707084077e+00
-9.976891659569012138e-02 -1.901900362491863034e-02 1.260972951832468603e-01 3.153740958585595777e-01 -8.374181283545752974e-01 2.141762177724270355e+00 -2.809363825581702834e+00 -2.285726148145376335e+00 -8.741878724687552449e+00 1.573198678692832075e+01 -2.158341893172711323e+01 6.085884926790884464e+01 -7.057543728298826480e+00 -1.281581542624874146e+02 1.713293986280888248e+02 -9.919146219445597978e+01 -3.048354690149545121e+01 4.518843925331582767e+01 1.130020656282194125e+01 -1.128996068370485695e+01 5.346957085324227421e+00 1.009196295287095868e+00 -7.907908119383522116e-01
-1.353909925032353023e-01 3.327169077369985795e-01 -4.000065210735826993e-01 4.918833123469731339e-01 -3.079249700392503453e-01 6.525228530837321461e-01 -2.667481174014965983e+00 2.787905569155032293e+00 -5.870497022485497318e+00 6.549919285011220005e+00 -3.662940961218575264e+00 1.541491176505059713e+01 -2.944031280822984442e+01 3.921744627576243403e+01 -9.919146219445599399e+01 1.204841350179035260e+02 -1.820341892365815895e+01 -8.669546190713333544e+00 -3.181373900073697669e+01 1.804515516865750868e+01 -7.182805056403617217e-01 -3.813298312153004854e+00 9.176707366173401104e-01
6.614941899758705959e-03 1.215970979815552550e-01 8.821282637029562168e-02 -8.194180760218788828e-02 -1.709509851310480472e-02 -9.343550850055051260e-01 2.557062919212496954e+00 -1.603318754653576095e+00 6.653309089383469654e+00 -3.952499238388814451e+00 1.052575348943536504e+01 -2.190486497423442458e+01 1.329329112353878273e+01 -1.757268528927839313e+01 -3.048354690149545121e+01 -1.820341892365816250e+01 1.687373214090685849e+02 -1.278967958984291187e+02 4.038462907800001744e+01 -2.086882841563453184e+01 -1.285233332908735981e+00 3.461427310445315264e+00 -1.025245471078278126e+00
7.484678821921302017e-02 -3.753966316504348533e-01 3.234849167937827730e-01 -4.686092285493124732e-01 6.228288436542298578e-01 -3.066492230738962488e-02 -1.935747444018194041e-01 -1.216712333268163276e-01 2.216900728928199449e+00 -1.092239381092591000e+00 -4.621031200585041354e+00 7.456460435008401610e+00 -9.450492280279690349e-02 -4.629137715545851073e+00 4.518843925331582767e+01 -8.669546190713324663e+00 -1.278967958984291187e+02 1.630920463192304339e+02 -8.913293533299453486e+01 -2.857124891408287581e+01 4.153112751572572137e+01 7.509082631715674694e+00 -2.117265988333959292e+00
-6.678071037128530119e-02 9.253499645219914055e-03 1.111257930787734605e-01 2.492159643977823746e-01 -4.402356896619596394e-01 5.011495218394791396e-01 -6.223387403280761232e-01 -1.079438440804815075e-01 -2.010561389389244891e+00 1.818388521303713867e+00 -5.908786001304763280e-01 2.152319200975852276e+00 -2.365748340797685589e+00 3.937221743625540338e+00 1.130020656282193237e+01 -3.181373900073697669e+01 4.038462907800001744e+01 -8.913293533299453486e+01 1.061970587205623247e+02 -1.585795721946535686e+01 -9.192500805154610433e+00 -2.442921717974665796e+01 9.969817873521495954e+00
1.107976904519654693e-01 1.644656913981987767e-01 -4.166535426458984476e-02 -5.825438009152954510e-01 1.450882121226996224e-01 -1.393843090519761851e-01 8.807597148526377095e-01 -3.816112819915448706e-01 1.303074748098918545e-01 -4.570978602423512727e-01 -5.314582812382852017e-01 -4.814742696123233578e+00 6.553223316669051002e+00 -7.978662474474516875e-02 -1.128996068370486050e+01 1.804515516865750868e+01 -2.086882841563452118e+01 -2.857124891408288292e+01 -1.585795721946535153e+01 1.574475716128197860e+02 -1.175755561181329654e+02 3.352776414923307868e+01 -1.581275583834176857e+01
5.464134530671901913e-02 -4.866670343179579361e-01 -5.863584077289639776e-03 7.556048300057176537e-01 -1.930632194316084793e-01 4.225510196615527292e-01 -1.249979473071619829e+00 5.671669876963235657e-01 -1.057425582917356000e+00 8.155396646973877006e-01 -2.655947578170935186e-01 3.696743850888681848e+00 -5.316249914445739577e+00 -4.809104158110067972e-01 5.346957085324227421e+00 -7.182805056403614996e-01 -1.285233332908734871e+00 4.153112751572571426e+01 -9.192500805154605104e+00 -1.175755561181329796e+02 1.075118147708532916e+02 -4.392149200986529678e+01 2.104630937815740310e+01
-1.933266423595300931e-01 4.248320616430816821e-01 -4.791484274249686870e-02 -4.174590060093144039e-01 2.981963448586857912e-01 -4.632669627932091694e-01 6.618252730752550717e-01 -4.729898083336879500e-02 1.992938186534722045e-01 -1.381045757280222386e+00 6.270318116832677147e-01 1.622457189498034136e-01 -7.377083737256883156e-01 1.787815950260215780e+00 1.009196295287096090e+00 -3.813298312153004854e+00 3.461427310445310823e+00 7.509082631715674694e+00 -2.442921717974665796e+01 3.352776414923308579e+01 -4.392149200986529678e+01 5.260116402642943711e+01 -2.681761060926701745e+01
1.397638749775996780e-01 -1.546008113225793013e-01 4.384360102201116660e-02 -8.515296633867171228e-02 6.040530144412085273e-02 -6.222818349290142742e-02 1.090477107488916908e-01 -1.762545859753681179e-02 -2.074382492874249639e-01 1.175555224766628104e+00 -7.191004120381148113e-01 -1.646180036350893272e-01 4.740257799628024848e-01 -1.099732625707083189e+00 -7.907908119383524337e-01 9.176707366173414426e-01 -1.025245471078277903e+00 -2.117265988333959292e+00 9.969817873521497731e+00 -1.581275583834177212e+01 2.104630937815740310e+01 -2.681761060926701745e+01 1.513761945295994771e+01
